                                                                                                                                
                                                                                                                                
                                                                                                                                
                                                                                                                                
                                                                                                                                
                                                                                                                                
                                                                                                                                
                                                                                                                                
                                                                                                                                
                                                                                      󠀠                               
                                                                                 332323332332                                   
                                                                         33333333333333333333333333333                          
                                                                   2333333333333323         2323333333333333                    
                                                               3333333333        333333333333         3333333333                
          333                                                333333   333     3333333333333333333     333   333333              
          333       2333                                    333      3333     33 3333333333333 233    3333      333             
                  333333        3         33       23333    333     33333333333333333    233333333333 3333      333             
                  3333      333333    333333   333333333   3333     3333333 333333          233333233333332     333             
                          33333333  33333333  3333333333   3333     333333 33333 3333    3333333333 333333      333             
                          33333     33333333  3333333333   3333      3333 333233   333333333  333333 33333      333             
          333                       33332     33333333     3333       332333  333   323333   333  333 33        333             
          333        33                       3332         3333      3333333  333 3333333333 333   333333       333             
                   3333                               3    3333     333 333    33333      33333     33 33       333             
                   332       3333      33333     333333    3333     333 333   33333        33323    33333       333             
                           333333   33333333   33333333    3333     333 333 2333233        3333333  333233      333             
                           3333     3333333    33333333    3333     333 3333333 3333     23332  3333333332      333             
          333                       3333       3333333     3333     333323333    333333333333332  3333 33       333             
          333        33                        33          3333     3333333333333233333333333333333333323       333             
                   3333                              33    3333      33 3 3333    333   333     33332           333             
                   333       3333      33333    3333333    3333       3333323333   333 233   333333 333         333             
                           333333   33333333   33333333    3333        33333323333333333333333333 3333          333             
                           3333     33333333   33333333    3333          2333333  3333333332 3333332            333             
          333                       3333       33333       3333              3333333 333 3333332                333             
          333        333                                   3333                    33 3 333                     333             
                  333332                   3        3333   3333                    333 3333                     333             
                  33332     333333    333333   333333333   3333                    33333333                     333             
                          33333333  33333333  3333333333   3333                    33333333                     333             
                          333333   333333333  3333333333   3333                    33333333                     333             
           33                      333333     333333332    3333                    33333333                     333             
          333         3                       3333         3333                    33333333                     333             
                   3333                                    3333                    33333333                     333             
                   3332      3333      33333     333333    3333                    33333333                     333             
                           333333   33333333   33333333    3333                    33333333                     333             
                           33333    33333333   33333333    3333                    33333333                     333             
           33                       33332      3333333     3333                    33333333                     333             
          333                                  33          3333                    33333333                     333             
          3        3333                               3    3333                    33333333                     333             
                   3333      3333     233333     333333    3333                    33333333                     333             
                           333333   33333333   33333333    3333                    33333333                     333             
                           3333     33333333   33333333    3333                    33333333                     333             
           333                      3332       333333      3333                    33333333                     333             
          3332                                 3           3333            3333333333333333333333333            333             
          32      333333                   3        3333   3333     333333333333333333222332333333333333332     333             
                  33333     333333    233333   333333333   3333 3333333332                           3333333333 333             
                  33      33333333  33333333  3333333333   333333333                                       33333333             
                          333333    33333333  3333333333    2333                                               233              
                                    33333     333333333                                                                         
                                              3333                                                                              
                                                                                                                                
                                                                                                                                
                                                                                                                                
                                                                                                                                
                                                                                                                                
                                                                                                                                
                                                                                                                                
                                                                                                                                
                                                                                                                                
                                                                                                                                
                                                                                                                                
